BPV2	M20219	100.000	411	0	0	1	411	1	411	0.0	861
BPV2	JQ798171	96.602	412	13	1	1	411	1	412	0.0	830
BPV2	X02346	94.175	412	21	3	1	411	1	410	0.0	800
BPV2	JX174437	89.078	412	44	1	1	411	1	412	0.0	765
BPV2	KP276343	60.671	417	154	6	1	411	1	413	3.74e-163	462
BPV2	M20219	100.000	206	0	0	206	411	11	216	2.11e-153	429
BPV2	JQ798171	94.203	207	11	1	206	411	11	217	9.80e-134	380
BPV2	X02346	90.821	207	16	3	206	411	11	215	1.60e-132	377
BPV2	JX174437	85.024	207	30	1	206	411	11	217	4.06e-125	358
BPV2	NC_011051	46.759	432	184	9	1	411	1	407	2.09e-121	355
BPV2	KT626573	47.837	416	201	6	1	411	1	405	2.07e-119	350
BPV2	AF443292	47.722	417	206	6	1	411	1	411	4.28e-119	350
BPV2	MH049343	47.932	411	207	5	1	410	1	405	1.62e-112	333
BPV2	KX954121	47.215	413	203	7	3	411	2	403	1.50e-108	323
BPV2	NC_001789	46.731	413	205	7	3	411	2	403	6.45e-107	318
BPV2	U83595	48.675	415	192	8	3	411	2	401	3.03e-105	314
BPV2	KX954132	44.750	400	213	4	12	410	12	404	3.36e-103	309
BPV2	NC_001524	43.198	419	224	7	1	411	1	413	1.10e-101	305
BPV2	NC_001523	43.868	424	217	9	1	411	1	416	4.43e-101	304
BPV2	MG252779	43.365	422	211	11	4	410	3	411	4.43e-99	299
BPV2	NC_015268	41.295	448	200	11	1	410	1	423	1.95e-93	285
BPV2	DQ098913	42.926	417	219	11	4	410	3	410	8.83e-90	275
BPV2	NC_004195	41.787	414	227	8	4	410	3	409	6.21e-85	262
BPV2	KU350625	39.905	421	231	11	1	410	1	410	1.24e-81	254
BPV2	NC_015267	39.817	437	228	9	1	411	1	428	1.77e-81	254
BPV2	NC_003748	37.383	428	225	13	1	408	1	405	6.64e-73	231
BPV2	MH625918	35.363	427	235	11	1	408	1	405	3.41e-69	221
BPV2	KT852571	36.952	433	221	10	4	406	3	413	1.56e-68	220
BPV2	MK443496	33.172	413	249	10	1	410	1	389	3.64e-63	205
BPV2	NC_002232	33.726	424	241	12	1	402	1	406	6.98e-63	205
BPV2	NC_020085	31.891	439	258	10	1	407	1	430	2.12e-61	202
BPV2	MG571093	30.243	453	249	14	1	401	2	439	2.18e-59	197
BPV2	MG813996	32.266	406	251	6	1	403	1	385	2.50e-58	193
BPV2	NC_007150	32.458	419	224	11	1	410	1	369	4.72e-58	191
BPV2	GU117623	32.020	406	243	7	1	400	1	379	7.03e-58	191
BPV2	AF419318	33.088	408	217	11	1	400	1	360	4.30e-57	189
BPV2	KP276343	52.830	212	91	5	206	411	12	220	6.75e-57	184
BPV2	NC_017862	33.953	430	254	9	1	409	1	421	6.91e-57	190
BPV2	HM999997	29.545	440	259	8	1	403	1	426	1.30e-56	189
BPV2	NC_012123	33.871	434	230	15	1	401	1	410	2.00e-56	188
BPV2	KC858266	29.927	411	267	5	1	405	1	396	2.26e-56	187
BPV2	NC_020501	33.810	420	253	8	1	403	1	412	1.53e-55	186
BPV2	KT932713	32.930	413	258	6	1	402	1	405	1.38e-54	183
BPV2	MF588703	32.938	422	235	12	1	403	1	393	1.67e-54	183
BPV2	NC_023882	33.411	428	257	10	1	408	1	420	3.49e-54	182
BPV2	NC_023873	30.935	417	236	12	1	410	1	372	4.91e-54	181
BPV2	MG744508	32.170	401	247	9	1	400	1	377	6.37e-54	181
BPV2	MH777173	31.540	409	244	11	1	402	1	380	9.46e-54	181
BPV2	NC_018575	30.900	411	247	10	1	410	1	375	1.52e-53	180
BPV2	NC_023496	31.818	418	228	11	1	402	1	377	2.29e-53	179
BPV2	MH777188	31.750	400	246	8	2	399	5	379	6.12e-53	179
BPV2	JF966379	31.000	400	249	8	2	399	5	379	1.53e-52	177
BPV2	NC_001541	30.273	403	249	9	1	397	1	377	2.05e-52	177
BPV2	M14119	29.484	407	228	10	1	400	1	355	3.49e-52	176
BPV2	NC_004765	31.325	415	244	8	1	410	1	379	6.36e-52	176
BPV2	GQ845445	31.540	409	259	9	1	403	1	394	7.16e-52	176
BPV2	MH745749	30.879	421	243	8	2	403	5	396	8.50e-52	176
BPV2	NC_001583	31.188	404	236	11	1	400	1	366	1.72e-51	174
BPV2	NC_013237	30.788	406	253	8	1	403	1	381	1.76e-51	174
BPV2	NC_016898	30.973	452	241	14	1	401	1	432	1.80e-51	176
BPV2	KP769769	30.318	409	249	9	1	402	1	380	1.85e-51	174
BPV2	X74478	32.678	407	226	13	1	403	1	363	2.07e-51	174
BPV2	MG837557	31.415	417	230	11	1	409	1	369	2.22e-51	174
BPV2	NC_001595	32.506	403	237	11	1	403	1	368	4.86e-51	173
BPV2	MF588719	30.864	405	244	7	2	399	5	380	5.84e-51	173
BPV2	X00203	28.180	401	244	7	1	401	1	357	6.26e-51	172
BPV2	MH745748	29.584	409	243	8	1	409	1	364	6.58e-51	172
BPV2	KP861980	32.530	415	251	11	1	400	1	401	8.42e-51	173
BPV2	KR816168	30.825	412	234	12	1	409	1	364	9.12e-51	172
BPV2	NC_015325	30.713	407	243	8	1	397	1	378	1.14e-50	172
BPV2	KT698166	32.108	408	244	9	2	399	5	389	1.36e-50	172
BPV2	MH910493	32.603	411	238	9	1	409	1	374	1.70e-50	172
BPV2	HM999990	31.429	420	248	10	1	403	1	397	3.19e-50	172
BPV2	E15111	30.879	421	261	12	1	409	1	403	5.65e-50	171
BPV2	NC_008189	28.640	419	250	8	1	403	1	386	6.59e-50	171
BPV2	MH777244	31.296	409	241	10	2	401	10	387	6.83e-50	171
BPV2	HG939559	30.645	434	250	11	1	410	1	407	7.55e-50	171
BPV2	KF857586	30.374	428	250	10	1	403	1	405	8.58e-50	171
BPV2	MH777261	30.467	407	251	9	1	397	1	385	1.20e-49	170
BPV2	AB027020	31.095	402	232	12	1	400	1	359	2.68e-49	168
BPV2	MH777366	29.454	421	263	10	1	409	1	399	6.83e-49	168
BPV2	FM955838	43.137	204	112	3	1	202	1	202	8.70e-49	170
BPV2	FM955838	41.096	73	43	0	331	403	425	497	6.88e-10	57.8
BPV2	MH777273	31.159	414	260	8	1	402	1	401	1.08e-48	168
BPV2	NC_023178	30.986	426	256	9	1	402	1	412	1.11e-48	168
BPV2	JF906559	43.137	204	114	2	1	203	1	203	1.44e-48	167
BPV2	JF906559	40.000	75	44	1	329	403	325	398	6.95e-10	57.8
BPV2	KX276957	31.500	400	230	10	1	391	1	365	1.70e-48	167
BPV2	MH460956	31.296	409	239	9	2	399	7	384	3.22e-48	166
BPV2	AB331651	30.425	424	273	10	1	410	1	416	3.37e-48	167
BPV2	MF588723	29.384	422	240	11	2	403	7	390	4.50e-48	166
BPV2	NC_004104	29.257	417	249	11	1	409	1	379	8.50e-48	165
BPV2	X74471	40.506	237	135	4	1	235	1	233	1.14e-47	167
BPV2	X74471	34.247	73	48	0	331	403	423	495	2.30e-06	46.6
BPV2	MH777280	31.540	409	242	12	2	399	5	386	1.78e-47	164
BPV2	JF966378	31.017	403	254	10	2	399	5	388	2.11e-47	164
BPV2	MG602223	31.490	416	251	9	7	410	6	399	2.22e-47	164
BPV2	MH777199	32.927	410	234	13	3	403	6	383	2.30e-47	164
BPV2	X74483	28.744	414	234	9	1	403	1	364	2.33e-47	163
BPV2	NC_019023	31.863	408	242	10	2	403	5	382	2.47e-47	164
BPV2	NC_001676	29.594	419	233	11	1	409	1	367	2.54e-47	163
BPV2	NC_001593	29.280	403	255	7	1	402	1	374	2.87e-47	163
BPV2	NC_014955	30.024	413	239	11	2	399	7	384	3.12e-47	164
BPV2	MF588717	30.424	401	250	10	2	397	5	381	3.29e-47	163
BPV2	AB331650	29.108	426	264	9	1	410	1	404	3.35e-47	164
BPV2	KX781281	42.268	194	110	2	1	193	1	193	3.64e-47	164
BPV2	KX781281	38.356	73	44	1	331	403	330	401	2.61e-09	55.8
BPV2	MH777315	30.562	409	238	11	2	397	7	382	3.69e-47	163
BPV2	GU117629	43.299	194	108	2	1	193	1	193	4.29e-47	163
BPV2	GU129016	31.463	410	240	9	2	399	5	385	4.74e-47	163
BPV2	MF588701	41.753	194	111	2	1	193	1	193	5.68e-47	163
BPV2	MF588701	34.667	75	48	1	329	403	324	397	2.68e-08	52.8
BPV2	NC_020084	30.769	429	249	9	8	401	8	423	6.34e-47	164
BPV2	X74470	41.667	204	115	3	1	202	1	202	6.42e-47	165
BPV2	X74470	34.247	73	48	0	331	403	414	486	2.96e-06	46.2
BPV2	MH777281	31.796	412	241	12	1	399	1	385	8.76e-47	162
BPV2	MF509819	29.095	409	248	11	1	399	1	377	9.36e-47	162
BPV2	NC_001586	28.474	439	240	11	1	411	1	393	9.60e-47	162
BPV2	MF588718	30.296	406	243	10	2	397	5	380	1.38e-46	162
BPV2	KX781282	40.686	204	119	2	1	203	1	203	1.57e-46	162
BPV2	KX781282	34.247	73	47	1	331	403	337	408	3.28e-09	55.5
BPV2	MG837559	30.529	416	265	10	1	399	1	409	1.67e-46	162
BPV2	MF327537	44.444	189	102	2	1	188	1	187	1.76e-46	164
BPV2	MF327537	39.785	93	53	1	320	409	444	536	2.42e-16	78.2
BPV2	MH777258	29.730	407	259	9	2	403	7	391	1.89e-46	161
BPV2	NC_014956	41.667	204	117	2	1	203	1	203	2.17e-46	162
BPV2	NC_014956	32.877	73	48	1	331	403	338	409	5.72e-08	51.6
BPV2	MH172378	28.199	422	249	9	1	403	1	387	2.78e-46	161
BPV2	M12737	37.692	260	152	4	1	258	1	252	3.29e-46	163
BPV2	M12737	39.726	73	44	0	331	403	419	491	1.80e-10	59.7
BPV2	JF304768	40.686	204	117	3	1	202	1	202	3.78e-46	162
BPV2	JF304768	38.028	71	42	2	331	400	399	468	5.13e-09	55.1
BPV2	GQ246951	42.157	204	114	3	1	202	1	202	4.19e-46	163
BPV2	GQ246951	32.530	83	56	0	318	400	414	496	6.89e-07	48.5
BPV2	MH777345	29.298	413	249	8	2	399	5	389	4.31e-46	160
BPV2	MH972562	30.467	407	246	11	2	399	5	383	4.52e-46	160
BPV2	MH777357	29.095	409	245	9	2	399	5	379	5.67e-46	160
BPV2	NC_014954	29.594	419	253	10	2	410	7	393	5.69e-46	160
BPV2	U31794	30.198	404	237	9	1	402	1	361	7.41e-46	159
BPV2	JX899359	40.265	226	120	4	1	225	1	212	7.60e-46	162
BPV2	JX899359	31.959	97	63	2	307	401	418	513	7.64e-09	54.7
BPV2	KR816182	37.600	250	145	5	1	248	1	241	1.09e-45	162
BPV2	KR816182	31.325	83	57	0	318	400	409	491	4.23e-06	45.8
BPV2	X74467	40.196	204	118	3	1	202	1	202	1.14e-45	161
BPV2	X74467	36.986	73	46	0	331	403	404	476	2.54e-08	52.8
BPV2	GQ845446	40.686	204	117	3	1	202	1	202	1.15e-45	161
BPV2	GQ845446	34.653	101	64	2	298	397	369	468	7.07e-09	54.7
BPV2	MH777347	30.370	405	249	8	2	399	5	383	1.51e-45	159
BPV2	KR816183	40.686	204	117	3	1	202	1	202	1.96e-45	160
BPV2	KR816183	39.706	68	39	2	331	397	404	470	6.75e-08	51.6
BPV2	U31779	41.176	204	116	3	1	202	1	202	2.20e-45	161
BPV2	U31779	33.962	106	70	0	298	403	391	496	2.38e-09	56.2
BPV2	JF800658	39.013	223	133	2	1	222	1	221	2.26e-45	160
BPV2	JF800658	34.884	86	52	2	320	402	403	487	6.05e-10	58.2
BPV2	MF588686	38.967	213	124	4	1	209	1	211	2.62e-45	160
BPV2	MF588686	35.849	106	68	0	298	403	358	463	2.89e-12	65.1
BPV2	MH777245	30.250	400	251	9	2	399	7	380	2.84e-45	158
BPV2	X62844	37.712	236	140	3	1	236	1	229	3.15e-45	158
BPV2	NC_012652	28.960	404	235	9	1	403	1	353	3.17e-45	157
BPV2	AF436130	29.397	398	248	9	1	397	1	366	4.10e-45	157
BPV2	EF558838	30.602	415	228	13	1	409	1	361	4.49e-45	157
BPV2	MF588698	41.753	194	111	2	1	193	1	193	4.98e-45	158
BPV2	MH777343	29.073	399	255	7	2	397	10	383	5.76e-45	157
BPV2	NC_001458	29.975	397	254	7	1	391	1	379	6.13e-45	157
BPV2	GU014531	38.863	211	125	3	1	209	1	209	6.82e-45	159
BPV2	GU014531	39.759	83	50	0	321	403	365	447	5.17e-12	64.3
BPV2	DQ080082	29.730	407	244	9	1	400	1	372	7.05e-45	157
BPV2	MH777175	40.084	237	136	4	1	235	1	233	7.27e-45	159
BPV2	MH777175	35.556	90	56	1	321	410	364	451	7.90e-11	60.8
BPV2	NC_012485	41.237	194	112	2	1	193	1	193	7.30e-45	157
BPV2	NC_014469	30.993	413	245	12	2	399	5	392	7.54e-45	157
BPV2	MF176072	31.387	411	239	12	2	402	5	382	7.85e-45	157
BPV2	AJ620209	29.496	417	242	12	1	407	1	375	8.38e-45	157
BPV2	AB027021	42.778	180	101	1	1	180	1	178	1.07e-44	156
BPV2	AB543507	30.072	419	254	13	1	402	1	397	1.14e-44	157
BPV2	NC_001352	31.043	422	227	12	1	400	1	380	1.20e-44	157
BPV2	MH777262	29.703	404	261	10	2	402	5	388	1.31e-44	157
BPV2	MG571095	42.439	205	114	3	1	204	1	202	1.45e-44	159
BPV2	MG571095	34.746	118	72	3	286	400	401	516	1.74e-10	59.7
BPV2	MH777260	29.356	419	254	11	2	410	7	393	1.45e-44	156
BPV2	KU519393	37.238	239	140	2	1	239	1	229	1.57e-44	157
BPV2	MN117918	31.915	423	253	13	1	403	1	408	1.60e-44	157
BPV2	U31788	29.177	401	247	9	1	400	1	365	1.61e-44	156
BPV2	MH777358	41.667	204	115	3	1	202	1	202	1.73e-44	159
BPV2	MH777358	35.616	73	47	0	331	403	434	506	1.94e-08	53.1
BPV2	MF588720	29.440	411	251	12	2	401	5	387	2.33e-44	156
BPV2	GQ845442	38.961	231	131	5	1	223	1	229	2.79e-44	156
BPV2	GQ845442	32.292	96	65	0	308	403	328	423	8.05e-10	57.4
BPV2	NC_006563	28.404	426	274	8	1	400	1	421	2.81e-44	156
BPV2	X55965	30.288	416	249	11	1	409	1	382	3.05e-44	155
BPV2	NC_016013	29.257	417	230	11	1	410	1	359	3.75e-44	154
BPV2	MH777384	28.606	409	250	10	2	399	5	382	3.76e-44	155
BPV2	MH049343	48.148	189	96	2	223	410	27	214	3.84e-44	150
BPV2	MF327538	41.799	189	108	2	1	188	1	188	3.94e-44	155
BPV2	MH777156	30.296	406	244	8	2	399	10	384	4.00e-44	155
BPV2	U31782	36.546	249	139	4	1	247	1	232	5.17e-44	157
BPV2	U31782	34.906	106	69	0	298	403	355	460	2.57e-10	59.3
BPV2	NC_008298	43.005	193	107	2	1	192	1	191	5.23e-44	155
BPV2	MH777190	36.145	249	140	4	1	247	1	232	6.23e-44	156
BPV2	MH777190	35.849	106	68	0	298	403	357	462	3.67e-11	61.6
BPV2	FM955841	40.686	204	117	3	1	202	1	202	6.53e-44	157
BPV2	FM955841	33.962	106	70	0	298	403	392	497	3.52e-08	52.4
BPV2	X77858	28.040	403	245	9	1	402	5	363	6.64e-44	154
BPV2	X70829	30.000	410	253	9	1	397	1	389	6.76e-44	155
BPV2	NC_004500	37.089	213	128	4	1	209	1	211	7.28e-44	156
BPV2	NC_004500	38.356	73	45	0	331	403	398	470	1.80e-10	59.7
BPV2	EU410349	39.496	238	135	4	1	236	1	231	7.78e-44	155
BPV2	EU410349	31.325	83	57	0	321	403	361	443	9.94e-09	53.9
BPV2	J04353	29.455	404	246	10	1	403	1	366	8.81e-44	154
BPV2	JX413108	31.762	403	245	10	3	402	6	381	1.10e-43	154
BPV2	EF558843	29.975	407	229	12	1	403	1	355	1.18e-43	153
BPV2	NC_001576	29.383	405	246	10	1	402	1	368	1.22e-43	154
BPV2	MK080568	37.603	242	146	4	1	240	1	239	1.37e-43	155
BPV2	MK080568	33.019	106	71	0	298	403	342	447	1.85e-10	59.7
BPV2	KR816180	41.237	194	112	2	1	193	1	193	1.40e-43	154
BPV2	KR816180	42.466	73	41	1	331	403	330	401	2.61e-09	55.8
BPV2	KR816175	29.756	410	252	8	2	403	5	386	1.91e-43	153
BPV2	MH777239	29.187	418	236	10	3	403	6	380	2.07e-43	153
BPV2	GU117621	31.415	417	233	13	1	403	4	381	2.45e-43	153
BPV2	KR816172	39.189	222	130	4	1	219	1	220	2.52e-43	155
BPV2	KR816172	36.986	73	46	0	331	403	386	458	1.45e-10	60.1
BPV2	NC_023895	28.935	432	252	11	1	403	1	406	2.59e-43	154
BPV2	HM999995	38.916	203	121	2	1	202	1	201	2.74e-43	155
BPV2	HM999995	39.726	73	44	0	331	403	429	501	1.45e-09	57.0
BPV2	HF930491	40.196	204	118	3	1	202	1	202	2.76e-43	154
BPV2	HF930491	37.349	83	52	0	321	403	359	441	1.06e-11	63.5
BPV2	MH777202	31.190	420	247	12	2	409	5	394	2.79e-43	153
BPV2	MH777377	29.024	410	256	8	2	403	7	389	3.16e-43	153
BPV2	JX413110	42.632	190	107	2	1	189	1	189	3.45e-43	153
BPV2	JX413110	37.333	75	46	1	329	403	324	397	1.31e-09	56.6
BPV2	MG571090	29.904	418	255	9	1	403	1	395	3.60e-43	153
BPV2	HQ625440	29.854	412	243	9	1	399	1	379	3.70e-43	152
BPV2	NC_019852	36.226	265	147	5	1	247	1	261	4.46e-43	155
BPV2	NC_019852	41.176	85	46	3	320	401	448	531	1.81e-11	62.8
BPV2	KR816170	40.686	204	117	3	1	202	1	202	4.87e-43	154
BPV2	KR816170	36.250	80	49	1	331	410	378	455	2.66e-10	58.9
BPV2	X74474	37.864	206	126	1	1	206	1	204	4.94e-43	152
BPV2	M17463	39.706	204	119	3	1	202	1	202	4.96e-43	155
BPV2	M17463	38.028	71	44	0	331	401	435	505	2.73e-09	55.8
BPV2	FM955839	39.545	220	129	3	1	218	1	218	6.03e-43	153
BPV2	FM955839	29.245	106	75	0	298	403	328	433	6.87e-08	51.6
BPV2	KR816178	29.904	418	247	10	1	403	1	387	6.19e-43	152
BPV2	U31780	38.095	231	133	5	1	229	1	223	6.34e-43	153
BPV2	U31780	35.616	73	47	0	331	403	357	429	1.31e-09	57.0
BPV2	NC_016075	41.361	191	105	3	1	188	1	187	7.61e-43	154
BPV2	NC_016075	36.585	82	49	2	321	400	441	521	2.47e-10	59.3
BPV2	JF304766	41.753	194	110	2	1	193	1	192	7.89e-43	152
BPV2	JF304766	44.595	74	40	1	329	402	323	395	3.29e-13	67.8
BPV2	KP692118	31.401	414	230	11	7	397	9	391	8.38e-43	152
BPV2	MF588692	28.010	407	260	6	2	403	5	383	8.45e-43	152
BPV2	MF588685	35.841	226	132	5	1	222	1	217	1.09e-42	153
BPV2	MF588685	33.333	105	70	0	299	403	363	467	6.59e-11	60.8
BPV2	U31778	39.216	204	120	3	1	202	1	202	1.19e-42	153
BPV2	U31778	38.356	73	45	0	331	403	418	490	2.43e-09	56.2
BPV2	U31785	38.916	203	121	2	1	202	1	201	1.27e-42	154
BPV2	U31785	34.906	106	69	0	298	403	397	502	8.48e-10	57.8
BPV2	KM983393	28.329	413	283	8	1	409	1	404	1.28e-42	151
BPV2	NC_011765	40.566	212	121	4	1	208	1	211	1.32e-42	151
BPV2	MH777253	37.229	231	141	3	1	229	1	229	1.44e-42	152
BPV2	MH777253	34.940	83	54	0	321	403	361	443	3.69e-11	61.6
BPV2	FM955842	40.175	229	119	4	1	227	1	213	1.66e-42	152
BPV2	FM955842	30.120	83	58	0	321	403	368	450	3.03e-08	52.8
BPV2	MH172377	29.280	403	252	11	6	403	7	381	1.71e-42	150
BPV2	GU117630	28.306	431	237	12	1	403	1	387	1.97e-42	150
BPV2	MH777309	30.521	403	251	10	5	403	7	384	2.16e-42	150
BPV2	NC_026640	42.857	189	105	2	1	188	1	187	2.21e-42	152
BPV2	NC_026640	44.048	84	44	2	321	402	384	466	5.93e-12	64.3
BPV2	FM955837	40.196	204	118	3	1	202	1	202	2.27e-42	152
BPV2	FM955837	37.634	93	57	1	311	403	376	467	5.47e-11	61.2
BPV2	MF588754	28.780	410	261	7	2	403	5	391	2.39e-42	150
BPV2	KT901797	40.686	204	118	2	1	203	1	202	2.64e-42	152
BPV2	KT901797	38.158	76	46	1	327	402	407	481	8.02e-10	57.8
BPV2	AF131950	28.395	405	253	10	1	403	1	370	2.78e-42	150
BPV2	MF356498	29.621	422	252	12	2	411	8	396	2.88e-42	150
BPV2	MF588681	38.636	220	131	3	1	218	1	218	3.05e-42	151
BPV2	MF588681	30.120	83	58	0	321	403	350	432	5.15e-07	48.5
BPV2	HE963025	41.667	204	115	3	1	202	1	202	3.24e-42	151
BPV2	HE963025	35.556	90	56	1	321	410	370	457	2.31e-11	62.4
BPV2	NC_015692	39.216	204	120	3	1	202	1	202	3.63e-42	152
BPV2	NC_015692	40.000	70	42	0	331	400	416	485	1.46e-08	53.5
BPV2	MH512005	28.235	425	255	11	1	402	1	398	4.30e-42	150
BPV2	AB040456	30.435	414	233	13	1	400	1	373	4.51e-42	149
BPV2	MH777187	28.087	413	259	10	2	403	7	392	5.33e-42	150
BPV2	NC_010739	29.306	447	253	13	7	409	14	441	5.61e-42	150
BPV2	JX413107	29.187	418	252	10	1	399	1	393	5.75e-42	150
BPV2	KT698167	29.484	407	249	9	1	397	1	379	6.06e-42	149
BPV2	MH469677	29.147	422	228	14	1	401	1	372	6.15e-42	149
BPV2	KP205503	36.078	255	138	4	1	232	1	253	6.58e-42	152
BPV2	KP205503	33.708	89	55	3	323	411	437	521	9.25e-08	51.2
BPV2	KP692114	29.126	412	258	9	2	403	7	394	6.73e-42	149
BPV2	MH777306	39.706	204	119	3	1	202	1	202	7.58e-42	150
BPV2	MH777306	35.802	81	50	1	330	410	375	453	2.84e-10	58.9
BPV2	KR816176	41.753	194	111	2	1	193	1	193	7.70e-42	149
BPV2	KR816176	40.845	71	41	1	329	399	321	390	1.89e-10	59.3
BPV2	MF588684	40.196	204	118	3	1	202	1	202	7.87e-42	150
BPV2	MF588684	38.356	73	45	0	331	403	354	426	1.03e-10	60.1
BPV2	GQ845444	41.667	204	115	3	1	202	1	202	8.12e-42	150
BPV2	GQ845444	31.325	83	57	0	321	403	361	443	1.19e-08	53.9
BPV2	MF588682	37.959	245	133	5	1	242	1	229	9.23e-42	150
BPV2	MF588682	35.616	73	47	0	331	403	352	424	9.71e-10	57.4
BPV2	HM999991	41.579	190	109	2	1	189	1	189	9.71e-42	149
BPV2	HM999991	36.986	73	45	1	331	403	327	398	2.31e-08	52.8
BPV2	HM999994	28.571	420	253	11	1	403	1	390	9.80e-42	149
BPV2	NC_012486	30.404	421	245	12	2	410	6	390	1.04e-41	149
BPV2	NC_023891	29.310	406	260	10	1	397	1	388	1.17e-41	149
BPV2	MH777378	29.684	411	244	13	3	403	6	381	1.29e-41	148
BPV2	KP692116	29.398	415	237	10	6	402	8	384	1.35e-41	148
BPV2	JF304767	40.865	208	117	3	1	204	1	206	1.53e-41	149
BPV2	JF304767	41.892	74	41	2	329	402	336	407	1.02e-10	60.1
BPV2	M32305	38.725	204	121	3	1	202	1	202	1.79e-41	150
BPV2	M32305	36.986	73	46	0	331	403	427	499	5.14e-09	55.1
BPV2	MF588677	37.745	204	123	3	1	202	1	202	1.81e-41	150
BPV2	MF588677	38.806	67	41	0	331	397	392	458	5.21e-09	55.1
BPV2	MH777350	39.706	204	119	3	1	202	1	202	1.86e-41	150
BPV2	MH777350	35.616	73	47	0	331	403	393	465	3.96e-10	58.5
BPV2	Y15175	28.571	420	238	13	1	401	1	377	1.93e-41	148
BPV2	MH777311	40.625	192	106	3	1	188	1	188	2.07e-41	148
BPV2	MH777311	40.580	69	36	2	331	397	321	386	1.52e-09	56.6
BPV2	NC_010226	38.961	231	138	2	1	230	1	229	2.10e-41	150
BPV2	NC_010226	31.606	193	110	7	212	402	309	481	1.83e-12	65.9
BPV2	FJ492743	40.741	189	109	2	1	188	1	187	2.12e-41	150
BPV2	FJ492743	31.373	153	89	5	255	402	341	482	1.16e-11	63.5
BPV2	KU519394	41.969	193	110	2	1	192	1	192	2.14e-41	148
BPV2	KU519394	36.905	84	48	3	329	410	304	384	2.13e-08	52.8
BPV2	MH777370	28.873	426	250	11	2	411	8	396	2.50e-41	148
BPV2	M62877	40.000	180	106	1	1	180	1	178	2.60e-41	147
BPV2	M62877	28.070	114	66	5	299	403	246	352	8.77e-06	44.7
BPV2	NC_014185	28.193	415	254	9	1	403	1	383	2.73e-41	147
BPV2	GQ845441	29.157	415	234	11	2	397	6	379	2.90e-41	147
BPV2	NC_001587	37.234	188	117	1	1	188	2	188	3.00e-41	146
BPV2	MH777222	29.293	396	247	7	7	399	9	374	3.01e-41	147
BPV2	FM955840	40.196	204	118	3	1	202	1	202	3.10e-41	149
BPV2	FM955840	37.349	83	52	0	321	403	357	439	3.58e-12	64.7
BPV2	JF755418	38.767	227	134	4	1	225	1	224	3.73e-41	149
BPV2	JF755418	32.099	81	54	1	323	402	407	487	5.19e-06	45.4
BPV2	X74468	39.216	204	120	3	1	202	1	202	3.98e-41	149
BPV2	X74468	36.986	73	46	0	331	403	377	449	1.04e-10	60.5
BPV2	AJ620205	40.957	188	109	2	1	188	1	186	4.38e-41	147
BPV2	AJ620205	32.222	90	57	3	309	397	272	358	7.52e-07	48.1
BPV2	KY817993	38.235	204	124	2	1	203	1	203	4.41e-41	151
BPV2	KY817993	32.941	85	54	1	318	402	568	649	1.94e-09	56.6
BPV2	KC108722	28.641	412	256	8	1	403	1	383	4.66e-41	147
BPV2	NC_016014	37.991	229	126	5	1	228	1	214	5.03e-41	149
BPV2	NC_016014	42.466	73	41	1	331	403	450	521	5.31e-13	67.8
BPV2	MH777251	30.072	419	242	11	2	403	7	391	5.23e-41	147
BPV2	NC_001591	38.725	204	121	3	1	202	1	202	5.52e-41	149
BPV2	NC_001591	32.075	106	72	0	298	403	376	481	5.12e-08	52.0
BPV2	NC_001693	29.048	420	240	10	5	399	7	393	5.93e-41	147
BPV2	MF509818	29.412	408	254	9	6	407	8	387	6.09e-41	147
BPV2	X74469	36.402	239	137	5	1	235	1	228	6.13e-41	148
BPV2	X74469	34.247	73	48	0	331	403	373	445	1.78e-09	56.6
BPV2	U31784	28.851	409	251	10	1	400	1	378	6.23e-41	146
BPV2	MG571089	39.086	197	118	2	1	196	1	196	6.29e-41	147
BPV2	FN677756	36.864	236	138	6	1	234	1	227	6.33e-41	147
BPV2	FN677756	35.616	73	47	0	331	403	358	430	1.33e-09	57.0
BPV2	NC_014143	26.419	458	271	11	1	403	1	447	6.67e-41	148
BPV2	MG520499	27.536	414	267	7	1	403	1	392	7.18e-41	147
BPV2	EU490515	28.675	415	222	15	1	402	1	354	7.24e-41	145
BPV2	AY382778	39.216	204	120	3	1	202	1	202	7.88e-41	148
BPV2	AY382778	42.466	73	42	0	331	403	397	469	5.54e-11	61.2
BPV2	MH745747	39.175	194	115	2	1	193	1	192	7.98e-41	147
BPV2	MF588704	29.612	412	237	10	3	397	7	382	8.00e-41	146
BPV2	AF151983	28.103	427	244	11	1	411	1	380	8.89e-41	146
BPV2	Y15176	38.725	204	121	3	1	202	1	202	9.05e-41	147
BPV2	Y15176	37.500	80	48	1	331	410	380	457	3.67e-10	58.5
BPV2	U31783	28.467	411	241	12	1	402	1	367	9.09e-41	146
BPV2	U85660	39.216	204	120	3	1	202	1	202	1.13e-40	148
BPV2	U85660	36.986	73	46	0	331	403	432	504	4.15e-08	52.4
BPV2	MF588714	31.542	428	225	15	5	409	7	389	1.40e-40	145
BPV2	MF588688	28.469	418	247	9	2	403	5	386	1.43e-40	145
BPV2	NC_008297	40.212	189	110	2	1	188	1	187	1.54e-40	147
BPV2	NC_008297	40.476	84	47	2	321	402	394	476	2.25e-11	62.4
BPV2	JX123128	29.268	410	256	9	2	405	4	385	1.78e-40	145
BPV2	MF588751	27.160	405	267	10	1	399	1	383	1.80e-40	145
BPV2	X74466	39.706	204	119	3	1	202	1	202	2.11e-40	147
BPV2	X74466	35.714	70	45	0	331	400	415	484	1.33e-07	50.4
BPV2	V01116	35.021	237	148	3	1	236	1	232	2.38e-40	145
BPV2	V01116	33.803	71	47	0	332	402	323	393	1.06e-08	53.9
BPV2	MH777167	40.000	190	112	2	1	189	1	189	2.54e-40	145
BPV2	MH777167	39.024	82	48	2	329	409	319	399	1.43e-10	59.7
BPV2	KR816181	29.730	407	263	10	1	399	1	392	2.68e-40	145
BPV2	MF588690	28.049	410	251	8	5	403	7	383	2.79e-40	145
BPV2	JX413109	28.810	420	240	12	3	403	6	385	2.96e-40	145
BPV2	X94164	28.469	418	252	12	1	409	1	380	2.96e-40	144
BPV2	KR816169	30.879	421	235	13	5	410	7	386	3.10e-40	145
BPV2	Y15174	37.745	204	123	3	1	202	1	202	3.18e-40	147
BPV2	Y15174	32.075	106	72	0	298	403	381	486	5.68e-08	52.0
BPV2	MG837558	28.199	422	239	11	1	401	1	379	3.23e-40	145
BPV2	NC_001354	30.216	417	243	13	1	407	1	379	3.41e-40	144
BPV2	MF588715	31.707	410	236	12	5	403	7	383	3.43e-40	144
BPV2	MH972557	39.000	200	119	3	2	199	7	205	3.55e-40	145
BPV2	MH972557	30.667	75	52	0	329	403	319	393	1.13e-06	47.4
BPV2	X62843	37.198	207	128	1	1	207	1	205	3.69e-40	144
BPV2	X62843	31.884	69	45	1	332	400	299	365	9.02e-07	47.8
BPV2	K02718	27.316	421	235	9	1	407	1	364	3.70e-40	144
BPV2	MF588687	38.235	204	122	3	1	202	1	202	3.75e-40	146
BPV2	MF588687	38.356	73	45	0	331	403	391	463	6.21e-09	54.7
BPV2	KT932712	34.874	238	148	3	1	232	1	237	4.01e-40	145
BPV2	X74479	27.206	408	238	11	2	403	6	360	4.45e-40	144
BPV2	HG530535	29.684	411	242	13	7	397	9	392	4.46e-40	144
BPV2	NC_005134	37.745	204	123	3	1	202	1	202	4.68e-40	146
BPV2	NC_005134	39.726	73	44	0	331	403	389	461	5.27e-11	61.2
BPV2	EU796884	38.182	220	132	2	1	218	1	218	4.84e-40	147
BPV2	EU796884	39.796	98	58	1	309	405	428	525	2.66e-15	74.7
BPV2	NC_010329	29.147	422	256	11	2	409	8	400	5.25e-40	144
BPV2	X74462	29.440	411	244	11	1	402	1	374	5.65e-40	144
BPV2	DQ080079	39.683	189	111	2	1	188	1	187	5.76e-40	143
BPV2	M73236	37.089	213	128	3	1	209	1	211	6.02e-40	144
BPV2	KU519395	35.772	246	140	6	1	234	1	240	6.99e-40	144
BPV2	MF588716	39.409	203	120	3	2	202	5	206	7.45e-40	144
BPV2	MF588716	33.803	71	46	1	329	399	312	381	1.17e-08	53.5
BPV2	GU014532	28.465	404	258	9	1	402	1	375	7.76e-40	144
BPV2	U31781	38.725	204	121	3	1	202	1	202	8.78e-40	144
BPV2	U31781	32.292	96	65	0	308	403	329	424	2.17e-10	59.3
BPV2	AF436128	29.782	413	232	13	1	401	1	367	9.59e-40	143
BPV2	FN547152	27.139	409	250	9	1	402	1	368	1.14e-39	143
BPV2	JQ814847	27.500	400	232	9	1	397	1	345	1.16e-39	142
BPV2	EF028290	38.636	220	129	4	1	218	1	216	1.34e-39	145
BPV2	EF028290	41.096	73	43	0	331	403	424	496	4.91e-10	58.2
BPV2	MH777381	29.612	412	243	13	3	403	6	381	1.43e-39	143
BPV2	MF588721	28.395	405	246	11	7	397	9	383	1.49e-39	143
BPV2	KC460987	40.884	181	104	2	1	180	1	179	1.60e-39	142
BPV2	KC460987	32.941	85	52	2	329	410	282	364	1.20e-07	50.4
BPV2	NC_001694	28.605	423	243	13	1	409	1	378	1.67e-39	142
BPV2	AJ620211	28.747	407	246	11	1	402	1	368	1.71e-39	142
BPV2	MH777161	27.685	419	251	10	1	403	1	383	1.73e-39	142
BPV2	NC_022373	38.462	195	118	2	1	194	1	194	1.89e-39	144
BPV2	NC_022373	33.803	71	47	0	330	400	364	434	4.58e-07	48.9
BPV2	X94165	37.037	189	118	1	1	189	2	189	1.96e-39	142
BPV2	NC_007612	31.325	415	245	12	1	402	1	388	2.09e-39	142
BPV2	MF588732	29.117	419	247	11	2	402	5	391	2.09e-39	142
BPV2	FJ947080	37.255	204	124	3	1	202	1	202	2.18e-39	144
BPV2	FJ947080	30.097	103	65	1	306	401	370	472	9.13e-09	54.3
BPV2	NC_021472	39.706	204	120	3	1	202	1	203	2.18e-39	144
BPV2	NC_021472	34.091	88	56	1	323	410	354	439	6.46e-09	54.7
BPV2	NC_001457	29.157	415	250	9	1	397	1	389	2.98e-39	142
BPV2	MF588731	28.780	410	246	8	5	403	7	381	3.18e-39	142
BPV2	JX413106	29.314	423	250	13	2	410	6	393	3.67e-39	142
BPV2	KP205502	34.188	234	151	2	1	233	1	232	4.35e-39	143
BPV2	KP205502	36.250	80	46	3	331	410	377	451	2.53e-06	46.6
BPV2	MH777210	28.148	405	256	7	1	397	1	378	4.67e-39	142
BPV2	KT326919	40.212	189	110	2	1	188	1	187	4.82e-39	143
BPV2	KT326919	40.476	84	47	2	321	402	394	476	3.18e-11	62.0
BPV2	KU519391	39.409	203	121	1	1	203	1	201	5.24e-39	143
BPV2	KU519391	34.722	72	45	1	331	402	402	471	8.19e-07	48.1
BPV2	MH675888	37.745	204	123	3	1	202	1	202	5.25e-39	142
BPV2	MH675888	32.039	103	68	1	308	410	340	440	1.98e-09	56.2
BPV2	MF588702	37.368	190	117	2	1	189	1	189	5.28e-39	142
BPV2	MF588702	42.466	73	41	1	330	402	327	398	7.64e-12	63.5
BPV2	KX276956	40.196	204	119	2	1	203	1	202	5.29e-39	142
BPV2	MF588726	29.367	395	267	7	7	399	9	393	5.64e-39	142
BPV2	MH172376	28.010	407	251	8	7	403	9	383	5.86e-39	141
BPV2	AF349909	27.316	421	245	12	1	409	1	372	6.49e-39	141
BPV2	MF588755	28.777	417	247	10	5	409	7	385	7.47e-39	141
BPV2	JX444072	37.438	203	124	3	2	202	5	206	7.96e-39	141
BPV2	JX444072	36.986	73	46	0	329	401	315	387	4.84e-09	55.1
BPV2	MH777232	27.845	413	256	7	2	403	5	386	9.53e-39	140
BPV2	KJ913662	28.365	416	255	9	2	403	5	391	1.08e-38	140
BPV2	U31786	35.242	227	143	3	1	225	1	225	1.20e-38	142
BPV2	U31786	33.962	106	70	0	298	403	342	447	3.06e-11	62.0
BPV2	GQ246950	28.155	412	248	9	1	402	1	374	1.30e-38	140
BPV2	EF558840	29.469	414	235	15	1	409	1	362	1.34e-38	140
BPV2	Y15173	35.784	204	127	3	1	202	1	202	1.51e-38	142
BPV2	Y15173	33.721	86	57	0	318	403	392	477	3.78e-08	52.4
BPV2	MH972558	28.878	419	230	11	6	399	8	383	1.55e-38	140
BPV2	GQ244463	28.889	405	248	12	1	400	1	370	1.55e-38	140
BPV2	KY242583	39.706	204	119	3	1	202	1	202	1.62e-38	141
BPV2	KY242583	38.356	73	45	0	331	403	378	450	7.69e-12	63.9
BPV2	NC_022253	38.182	220	134	2	1	219	1	219	1.68e-38	143
BPV2	NC_022253	35.366	82	48	3	331	410	499	577	3.34e-09	55.8
BPV2	MH777313	29.327	416	244	10	5	403	7	389	1.78e-38	140
BPV2	U31787	34.553	246	157	3	1	244	1	244	1.97e-38	141
BPV2	U31787	31.132	106	73	0	298	403	329	434	9.04e-11	60.5
BPV2	MH605022	29.280	403	222	13	1	400	1	343	2.18e-38	139
BPV2	MF588724	28.224	411	271	9	7	409	9	403	2.38e-38	140
BPV2	NC_001596	39.216	204	120	3	1	202	1	202	2.43e-38	141
BPV2	NC_001596	33.735	83	55	0	321	403	372	454	7.22e-10	57.8
BPV2	MH777219	28.256	407	245	11	7	397	9	384	2.47e-38	140
BPV2	MH777312	28.087	413	256	10	7	409	9	390	3.33e-38	139
BPV2	FJ492742	37.438	203	125	2	1	202	1	202	3.69e-38	141
BPV2	FJ492742	33.333	81	51	3	331	409	424	503	1.72e-06	47.0
BPV2	MF588708	28.040	403	249	10	2	397	9	377	3.84e-38	139
BPV2	AY395706	26.650	409	252	10	1	401	1	369	4.61e-38	139
BPV2	KR816171	27.765	425	249	10	1	399	1	393	5.54e-38	139
BPV2	EU410348	37.255	204	124	3	1	202	1	202	6.43e-38	140
BPV2	EU410348	35.398	113	71	1	298	410	342	452	2.75e-11	62.0
BPV2	MF588757	37.368	190	117	2	1	189	1	189	6.63e-38	138
BPV2	MF588757	32.530	83	55	1	321	402	298	380	5.97e-09	54.7
BPV2	MG905161	28.132	423	270	12	1	406	1	406	7.24e-38	139
BPV2	MF588676	28.571	413	239	12	1	400	1	370	7.59e-38	138
BPV2	KT272399	38.693	199	120	2	1	198	1	198	9.05e-38	140
BPV2	EF422221	38.537	205	122	3	1	203	1	203	9.63e-38	139
BPV2	EF422221	39.726	73	44	0	331	403	386	458	1.87e-12	65.9
BPV2	MH777379	36.946	203	125	3	2	202	7	208	9.77e-38	138
BPV2	AF293960	28.747	407	242	14	1	400	1	366	1.13e-37	137
BPV2	KT944080	27.543	403	240	10	1	402	1	352	1.18e-37	137
BPV2	AF443292	42.157	204	110	4	210	411	19	216	1.20e-37	133
BPV2	MH777302	28.846	416	258	10	5	410	7	394	1.30e-37	138
BPV2	KT698168	27.518	407	256	8	1	397	1	378	1.33e-37	137
BPV2	AB745694	28.293	410	249	10	1	407	1	368	1.34e-37	137
BPV2	NC_016074	39.683	189	111	2	1	188	1	187	1.37e-37	139
BPV2	NC_016074	36.471	85	50	2	321	402	397	480	5.69e-11	61.2
BPV2	MH777274	26.895	409	238	9	5	397	7	370	1.58e-37	137
BPV2	KY370096	36.408	206	128	3	7	210	7	211	1.62e-37	137
BPV2	DQ180494	39.683	189	112	2	1	188	1	188	1.65e-37	137
BPV2	NC_001690	37.073	205	126	3	2	204	7	210	1.84e-37	137
BPV2	MF588740	29.383	405	245	10	7	399	9	384	2.13e-37	137
BPV2	U21941	37.566	189	115	2	1	188	1	187	2.48e-37	136
BPV2	U21941	31.944	72	46	2	332	403	281	349	1.92e-06	46.6
BPV2	NC_004197	34.211	228	141	4	1	225	1	222	2.70e-37	137
BPV2	MG571094	39.175	194	116	2	1	193	1	193	3.22e-37	139
BPV2	MG571094	39.726	73	44	0	331	403	447	519	2.52e-10	59.3
BPV2	JX413105	26.733	404	264	8	5	403	7	383	3.62e-37	136
BPV2	NC_008582	27.700	426	254	15	1	410	1	388	3.74e-37	136
BPV2	MH376689	28.606	409	230	7	1	399	1	357	4.13e-37	135
BPV2	KC862317	30.024	413	231	13	3	397	7	379	4.16e-37	136
BPV2	JQ814848	39.227	181	107	2	1	180	1	179	4.70e-37	137
BPV2	JQ814848	38.356	73	45	0	331	403	388	460	2.31e-10	59.3
BPV2	NC_001619	38.542	192	115	2	1	191	1	190	5.13e-37	136
BPV2	KX098515	36.410	195	122	2	1	194	1	194	5.42e-37	136
BPV2	NC_021930	34.855	241	150	4	1	235	1	240	5.68e-37	136
BPV2	KC138720	37.696	191	115	2	1	189	1	189	6.18e-37	135
BPV2	D21208	27.317	410	255	9	1	409	1	368	6.21e-37	135
BPV2	JQ754321	38.624	189	113	2	1	188	1	187	6.38e-37	137
BPV2	JQ754321	30.921	152	99	3	256	402	329	479	2.60e-11	62.4
BPV2	MH777334	28.465	404	257	10	1	397	1	379	6.71e-37	135
BPV2	MH777186	34.259	216	134	3	2	213	6	217	7.09e-37	135
BPV2	DQ080083	27.857	420	254	11	1	411	1	380	7.25e-37	135
BPV2	MG571092	35.023	217	139	1	1	217	1	215	7.56e-37	136
BPV2	NC_012213	37.850	214	130	3	1	213	1	212	8.26e-37	135
BPV2	NC_012213	37.681	69	41	2	331	399	313	379	2.25e-07	49.7
BPV2	X74473	38.028	213	124	3	1	207	1	211	8.47e-37	135
BPV2	FN677755	35.789	190	119	2	1	189	1	188	8.67e-37	137
BPV2	FN677755	32.258	93	62	1	311	403	372	463	2.15e-08	53.1
BPV2	MF588758	35.784	204	128	2	1	203	1	202	9.24e-37	135
BPV2	AY904724	37.759	241	146	3	1	240	1	238	9.45e-37	135
BPV2	KX954132	42.487	193	110	1	219	410	30	222	9.53e-37	131
BPV2	MF588706	27.792	403	262	9	2	399	9	387	9.81e-37	135
BPV2	KP757765	34.199	231	145	5	1	228	1	227	1.04e-36	138
BPV2	KP757765	27.128	188	98	8	223	403	399	554	8.20e-08	51.2
BPV2	M62849	35.979	189	118	2	1	188	1	187	1.06e-36	134
BPV2	MH777268	34.335	233	141	4	2	232	5	227	1.12e-36	135
BPV2	GQ227670	37.766	188	115	1	1	188	1	186	1.14e-36	134
BPV2	MG869605	26.128	421	253	9	5	403	7	391	1.19e-36	135
BPV2	KT945134	36.889	225	130	4	1	215	1	223	1.43e-36	137
BPV2	KT945134	37.179	78	49	0	325	402	465	542	1.24e-10	60.5
BPV2	MF588729	29.584	409	262	9	7	410	9	396	1.47e-36	135
BPV2	MH972563	29.146	398	250	10	7	399	9	379	1.62e-36	135
BPV2	KX599536	37.931	203	124	2	1	202	1	202	1.74e-36	136
BPV2	KX599536	35.000	80	50	1	331	410	410	487	2.52e-06	46.6
BPV2	NC_011051	45.763	177	71	5	256	411	42	214	1.92e-36	130
BPV2	GQ180114	27.791	421	255	8	1	410	1	383	2.00e-36	134
BPV2	MF588750	37.500	192	112	3	1	188	1	188	2.07e-36	134
BPV2	AY904722	39.683	189	112	2	1	188	1	188	2.29e-36	134
BPV2	KX781280	37.500	192	112	3	1	188	1	188	2.37e-36	134
BPV2	JN709469	29.877	405	262	9	1	402	1	386	2.56e-36	134
BPV2	MH777192	29.512	410	241	13	7	399	9	387	2.65e-36	134
BPV2	NC_014952	28.070	399	258	11	7	397	9	386	2.78e-36	134
BPV2	X05015	26.866	402	244	9	2	402	6	358	2.88e-36	133
BPV2	MF509820	27.960	397	253	8	5	399	7	372	2.96e-36	134
BPV2	NC_011280	43.229	192	99	4	1	188	1	186	2.99e-36	134
BPV2	NC_011280	36.000	75	48	0	329	403	338	412	9.29e-12	63.5
BPV2	MG921180	33.476	233	149	3	1	232	1	228	3.13e-36	134
BPV2	MG921180	41.096	73	42	1	330	402	327	398	3.05e-11	62.0
BPV2	JN709471	37.037	189	116	3	1	188	1	187	3.65e-36	134
BPV2	MH777201	28.500	400	259	8	6	403	7	381	3.74e-36	134
BPV2	NC_014326	27.857	420	255	11	1	409	1	383	4.10e-36	133
BPV2	MH892425	28.571	413	260	10	1	410	1	381	4.19e-36	133
BPV2	NC_022095	28.224	411	258	7	5	403	7	392	4.48e-36	134
BPV2	KX781284	38.021	192	111	3	1	188	1	188	4.59e-36	134
BPV2	KX781284	37.313	67	39	2	331	397	318	381	2.33e-06	46.6
BPV2	MH777203	28.465	404	253	7	7	403	9	383	5.25e-36	133
BPV2	DQ080080	25.495	404	247	10	2	402	6	358	5.48e-36	132
BPV2	MH777236	38.667	225	127	5	2	219	5	225	6.39e-36	133
BPV2	NC_020500	38.071	197	119	2	1	196	1	195	6.55e-36	134
BPV2	MF588712	28.325	406	258	8	6	403	8	388	6.73e-36	133
BPV2	MF588683	35.784	204	127	3	1	202	1	202	7.61e-36	134
BPV2	MF588683	31.325	83	57	0	321	403	370	452	1.94e-10	59.3
BPV2	KF006399	28.224	411	242	10	7	399	9	384	7.76e-36	133
BPV2	MG281846	35.354	198	125	3	1	196	1	197	8.82e-36	133
BPV2	KU963288	35.784	204	128	2	1	203	1	202	9.09e-36	136
BPV2	KU963288	37.975	79	48	1	323	400	621	699	1.72e-11	63.2
BPV2	NC_008188	36.765	204	127	2	1	203	1	203	9.14e-36	132
BPV2	NC_008188	33.333	69	45	1	331	399	313	380	5.46e-09	54.7
BPV2	JX141478	38.624	189	114	2	1	188	1	188	9.79e-36	134
BPV2	JX141478	28.261	92	65	1	312	403	404	494	2.67e-08	52.8
BPV2	MH285954	35.468	203	129	2	1	202	1	202	1.07e-35	134
BPV2	AJ620210	28.641	412	255	10	1	397	1	388	1.07e-35	132
BPV2	KR816174	29.056	413	239	14	2	397	9	384	1.13e-35	132
BPV2	MK645901	36.458	192	114	3	1	188	1	188	1.20e-35	132
BPV2	GU117622	35.610	205	127	3	1	202	1	203	1.29e-35	133
BPV2	GU117622	47.143	70	37	0	330	399	344	413	1.20e-13	69.3
BPV2	JF966375	36.458	192	114	3	1	188	1	188	1.54e-35	132
BPV2	NC_001691	36.170	188	118	2	2	188	5	191	1.60e-35	132
BPV2	MH777308	36.979	192	113	3	1	188	1	188	1.95e-35	132
BPV2	MF588748	34.375	192	118	3	1	188	1	188	2.14e-35	132
BPV2	MH777171	28.218	404	244	11	7	399	9	377	2.41e-35	131
BPV2	MF588695	36.923	195	121	2	1	194	1	194	2.77e-35	131
BPV2	AJ400628	27.273	418	232	13	1	400	1	364	3.15e-35	131
BPV2	MH777325	28.680	394	246	8	7	397	9	370	3.29e-35	131
BPV2	FJ796965	35.468	203	129	1	1	203	1	201	3.39e-35	131
BPV2	FJ796965	33.750	80	48	2	331	409	337	412	3.41e-07	49.3
BPV2	EF558841	28.708	418	220	11	1	402	1	356	3.44e-35	130
BPV2	MH777351	35.321	218	137	3	2	218	5	219	3.61e-35	131
BPV2	MH777351	32.877	73	48	1	331	403	323	394	7.82e-06	45.1
BPV2	NC_001678	39.444	180	107	2	1	180	1	178	4.15e-35	130
BPV2	NC_001678	36.111	72	41	3	332	403	293	359	3.89e-07	48.9
BPV2	EF558839	27.833	406	236	12	1	402	1	353	4.19e-35	130
BPV2	NC_001605	32.753	287	180	5	1	284	1	277	4.70e-35	133
BPV2	NC_001605	38.158	76	47	0	327	402	459	534	2.96e-10	58.9
BPV2	JF834523	33.333	204	134	2	1	203	1	203	4.76e-35	131
BPV2	MH285952	37.895	190	116	2	1	189	1	189	5.02e-35	132
BPV2	MH285952	30.137	73	50	1	331	403	406	477	2.21e-07	50.1
BPV2	MH777331	37.500	192	112	3	1	188	1	188	5.28e-35	130
BPV2	KF006400	37.566	189	116	2	1	188	1	188	5.71e-35	130
BPV2	MH777237	36.979	192	113	3	1	188	1	188	5.93e-35	130
BPV2	MH777196	29.584	409	248	11	7	403	9	389	6.21e-35	130
BPV2	EF558842	37.306	193	119	2	2	194	3	193	7.40e-35	129
BPV2	EF558842	30.894	123	64	5	300	409	246	360	3.24e-08	52.4
BPV2	MH777310	34.975	203	129	3	2	202	7	208	7.48e-35	130
BPV2	X74477	37.778	180	110	1	1	180	1	178	8.10e-35	129
BPV2	KM085343	37.500	192	112	3	1	188	1	188	8.27e-35	130
BPV2	KM085343	35.821	67	41	2	331	397	315	379	1.90e-06	47.0
BPV2	MF588739	29.187	418	241	13	5	400	7	391	9.32e-35	130
BPV2	U83595	55.172	116	47	3	298	411	100	212	1.02e-34	125
BPV2	MF588746	35.938	192	115	3	1	188	1	188	1.04e-34	130
BPV2	MH972561	36.458	192	114	3	1	188	1	188	1.47e-34	129
BPV2	MF588747	36.458	192	114	3	1	188	1	188	1.68e-34	129
BPV2	JN171845	27.945	433	241	11	7	409	9	400	1.78e-34	129
BPV2	KC858265	36.816	201	123	3	1	200	1	198	2.12e-34	130
BPV2	KC858265	35.616	73	47	0	331	403	364	436	2.23e-08	53.1
BPV2	KY705374	33.810	210	137	1	1	210	1	208	2.22e-34	130
BPV2	KY705374	28.696	115	68	3	289	403	359	459	3.13e-09	55.8
BPV2	MH777383	36.649	191	113	3	3	189	6	192	2.63e-34	129
BPV2	MH777383	37.313	67	38	2	331	397	309	371	6.84e-06	45.1
BPV2	MH777294	28.074	431	252	13	5	409	7	405	3.23e-34	129
BPV2	KR816177	35.417	192	116	3	1	188	1	188	3.23e-34	128
BPV2	KT626573	44.509	173	81	5	244	411	50	212	3.52e-34	124
BPV2	NC_027779	38.462	195	112	3	2	192	5	195	3.88e-34	128
BPV2	KX954121	54.310	116	48	3	298	411	102	214	4.11e-34	124
BPV2	KF006398	25.935	401	265	8	5	400	7	380	4.54e-34	128
BPV2	MH777289	37.173	191	112	3	2	188	6	192	5.46e-34	128
BPV2	MF588696	36.765	204	127	2	1	203	1	203	5.48e-34	128
BPV2	MF588696	27.119	118	80	2	293	405	275	391	1.43e-09	56.6
